Instancia: M_3
Número de filas(n): 5
Número de columnas(m): 5
Casilla inicial(S): (5,5)
Casilla final(E): (2,1)
Coste: 36
--------------------------------------------------
Lista de Nodos generados: 
(4,4) (4,4) (3,3) (3,3) (3,3) (3,3) (4,3) (3,4) (4,3) (3,4) (4,3) (3,4) (4,3) (3,4) (3,2) (3,2) (3,2) (3,2) (2,4) (2,4) (2,4) (2,4) (1,3) (1,3) (1,3) (1,3) (1,4) (1,4) (1,4) (1,4) (2,4) (2,4) (0,2) (0,2) (0,2) (0,2) (0,3) (1,1) (0,3) (1,1) (0,3) (1,1) (0,3) (1,1) (0,4) (0,1) (0,4) (0,1) (0,4) (0,1) (0,4) (0,1) (1,0) (1,0) (1,0) (1,0) (0,4) (0,4) (2,0) (2,0) 
Número de nodos generados: 60
--------------------------------------------------
Nodos inspeccionados: 
(4,4) (4,4) (3,3) (3,3) (4,3) (3,4) (4,3) (3,4) (3,2) (3,2) (2,4) (2,4) (1,3) (1,3) (1,4) (1,4) (0,2) (0,2) (0,3) (1,1) (0,3) (1,1) (0,4) (0,1) (0,4) (0,1) (1,0) (1,0) 
Número de nodos inspeccionados: 28
--------------------------------------------------
